770,720 -> 770,520
278,338 -> 228,288
467,485 -> 467,285
660,2 -> 710,52
1255,525 -> 1255,650
921,478 -> 1021,478
320,120 -> 370,120
182,355 -> 182,405
1135,527 -> 1085,577
170,370 -> 170,420
672,209 -> 722,209
1320,70 -> 1320,170
164,419 -> 214,469
705,117 -> 605,117
832,458 -> 832,258
779,502 -> 829,552
784,502 -> 834,552
620,20 -> 670,20
608,324 -> 658,274
1169,588 -> 1119,538
824,173 -> 874,223
775,735 -> 775,535
914,455 -> 1014,455
1014,214 -> 1014,14
1016,650 -> 1016,600
630,479 -> 630,329
885,729 -> 885,529
620,320 -> 670,270
908,477 -> 1008,477
473,480 -> 573,480
264,336 -> 214,286
20,20 -> 120,20
1120,470 -> 1070,470
882,163 -> 882,63
820,470 -> 820,270
1332,162 -> 1282,212
925,622 -> 925,672
820,670 -> 870,720
1082,288 -> 1132,288
1323,64 -> 1323,164
985,528 -> 935,578
508,609 -> 558,659
209,740 -> 209,540
1058,259 -> 1108,259
470,461 -> 470,261
465,488 -> 465,288
577,667 -> 527,717
1333,160 -> 1283,210
767,71 -> 767,121
1010,681 -> 1010,631
178,118 -> 278,118
1058,603 -> 1058,653
1216,24 -> 1266,24
734,56 -> 734,106
520,620 -> 570,670
778,181 -> 828,231
1020,620 -> 970,620
1084,485 -> 1084,285
1012,559 -> 962,509
625,456 -> 625,306
1323,187 -> 1273,237
618,176 -> 668,226
432,479 -> 432,279
1279,690 -> 1279,715
627,189 -> 677,239
765,722 -> 765,522
1273,237 -> 1223,237
1264,502 -> 1264,627
763,159 -> 813,209
576,690 -> 526,740
822,4 -> 772,54
176,386 -> 176,436
977,711 -> 1027,661
1014,672 -> 1014,622
210,740 -> 210,540
258,322 -> 208,272
183,140 -> 283,140
320,212 -> 320,12
926,624 -> 926,674
1170,320 -> 1170,420
974,703 -> 1024,653
320,220 -> 420,220
1079,623 -> 1079,673
680,287 -> 730,287
335,138 -> 385,138
270,220 -> 270,20
211,266 -> 161,316
670,220 -> 720,220
1007,604 -> 957,604
478,277 -> 578,277
1105,727 -> 1155,677
733,50 -> 733,100
720,70 -> 720,120
728,250 -> 728,450
935,618 -> 935,668
917,377 -> 967,377
908,224 -> 1008,224
580,574 -> 530,624
332,103 -> 382,103
1311,171 -> 1261,221
923,375 -> 973,375
677,15 -> 727,65
776,181 -> 826,231
224,466 -> 274,416
556,666 -> 506,716
1105,470 -> 1055,470
26,558 -> 76,508
819,472 -> 819,272
869,81 -> 819,31
821,175 -> 871,225
934,284 -> 1034,284
1206,214 -> 1206,14
605,320 -> 655,270
1106,258 -> 1156,308
935,10 -> 935,210
1120,220 -> 1120,20
605,136 -> 605,186
911,582 -> 911,632
828,489 -> 828,289
622,156 -> 672,206
1164,579 -> 1114,529
835,231 -> 885,181
717,117 -> 617,117
20,620 -> 120,620
1073,687 -> 1123,737
1157,589 -> 1107,539
1206,205 -> 1206,5
471,520 -> 521,520
161,312 -> 161,362
885,734 -> 885,534
1119,469 -> 1069,469
1132,706 -> 1182,656
630,369 -> 730,369
1070,270 -> 1120,270
634,359 -> 734,359
923,217 -> 1023,217
670,720 -> 670,520
1014,687 -> 1014,637
705,135 -> 605,135
1056,654 -> 1106,704
630,379 -> 730,379
512,619 -> 462,619
770,520 -> 820,570
324,209 -> 324,9
1129,726 -> 1179,676
666,35 -> 716,85
773,729 -> 773,529
976,708 -> 1026,658
823,182 -> 873,232
166,310 -> 166,360
607,324 -> 657,274
671,733 -> 671,533
305,212 -> 405,212
711,250 -> 711,450
772,287 -> 872,287
463,509 -> 513,509
170,420 -> 220,470
529,615 -> 479,615
185,212 -> 185,12
476,274 -> 576,274
678,710 -> 678,510
170,220 -> 170,20
862,162 -> 862,62
160,519 -> 260,519
766,289 -> 866,289
12,574 -> 62,524
474,711 -> 474,511
927,488 -> 927,288
269,205 -> 269,5
483,735 -> 483,535
278,227 -> 278,27
1220,220 -> 1220,20
605,181 -> 655,231
1268,681 -> 1268,706
1131,212 -> 1131,12
758,725 -> 758,525
465,367 -> 515,367
319,353 -> 419,353
766,252 -> 866,252
812,651 -> 862,701
829,668 -> 879,718
314,486 -> 314,286
319,487 -> 319,287
1074,582 -> 1074,632
1124,532 -> 1074,582
215,729 -> 215,529
1135,210 -> 1135,10
233,286 -> 183,336
1132,200 -> 1132,0
478,253 -> 578,253
1112,456 -> 1062,456
63,230 -> 63,30
528,626 -> 478,626
834,567 -> 834,667
16,552 -> 66,502
913,476 -> 1013,476
924,285 -> 1024,285
720,120 -> 620,120
6,635 -> 106,635
1214,6 -> 1264,6
7,13 -> 107,13
257,340 -> 207,290
1178,677 -> 1178,577
616,472 -> 616,322
308,207 -> 408,207
758,257 -> 858,257
672,282 -> 722,282
211,290 -> 161,340
9,0 -> 109,0
331,218 -> 431,218
167,437 -> 217,487
257,213 -> 257,13
1317,175 -> 1267,225
785,104 -> 785,154
676,30 -> 726,80
1270,235 -> 1220,235
1020,670 -> 1020,620
16,705 -> 16,555
527,610 -> 477,610
129,531 -> 129,731
335,450 -> 335,250
909,230 -> 1009,230
870,720 -> 870,520
974,608 -> 924,658
1067,485 -> 1067,285
832,226 -> 882,176
180,226 -> 180,26
820,570 -> 820,670
1165,310 -> 1165,410
105,517 -> 105,717
835,655 -> 885,705
1176,340 -> 1176,440
1034,237 -> 1034,37
1060,470 -> 1060,270
1119,285 -> 1169,335
172,355 -> 172,405
916,652 -> 966,702
980,521 -> 930,571
935,684 -> 985,734
481,521 -> 531,521
857,167 -> 857,67
911,454 -> 911,254
334,383 -> 434,383
976,611 -> 926,661
677,284 -> 727,284
206,702 -> 206,502
933,234 -> 1033,234
79,230 -> 79,30
1077,288 -> 1127,288
1068,660 -> 1118,710
457,453 -> 457,253
1073,617 -> 1073,667
307,226 -> 307,26
1019,208 -> 1019,8
907,675 -> 957,725
927,668 -> 977,718
624,2 -> 674,2
130,522 -> 130,722
275,304 -> 225,254
820,20 -> 770,70
1070,470 -> 1070,270
670,270 -> 720,270
308,219 -> 408,219
305,221 -> 305,21
620,370 -> 720,370
1067,683 -> 1117,733
1010,238 -> 1010,38
176,339 -> 176,389
820,220 -> 870,170
1220,20 -> 1270,20
812,209 -> 862,159
1172,557 -> 1122,507
1079,490 -> 1079,290
758,160 -> 808,210
908,472 -> 908,272
680,202 -> 730,202
813,476 -> 813,276
909,479 -> 1009,479
605,124 -> 605,174
928,26 -> 928,226
684,235 -> 734,235
1056,567 -> 1056,617
660,720 -> 660,520
1212,7 -> 1262,7
1034,228 -> 1034,28
760,108 -> 760,158
569,680 -> 519,730
932,634 -> 932,684
220,703 -> 220,503
711,290 -> 711,490
176,128 -> 276,128
610,11 -> 660,11
775,57 -> 775,107
1272,710 -> 1272,735
523,600 -> 573,650
1211,25 -> 1261,25
70,220 -> 70,20
1320,170 -> 1270,220
1126,466 -> 1076,466
28,36 -> 128,36
508,525 -> 558,575
484,356 -> 534,356
1056,250 -> 1106,250
622,111 -> 622,161
516,625 -> 466,625
1335,161 -> 1285,211
1083,629 -> 1083,679
83,502 -> 133,502
935,486 -> 935,286
19,578 -> 69,528
325,3 -> 425,3
1170,570 -> 1120,520
306,3 -> 406,3
856,70 -> 806,20
182,402 -> 232,452
1006,222 -> 1006,22
462,701 -> 462,501
709,124 -> 609,124
470,735 -> 470,535
966,624 -> 916,674
280,221 -> 280,21
715,53 -> 715,103
970,720 -> 1020,670
1270,520 -> 1270,645
411,468 -> 411,268
466,510 -> 516,510
315,458 -> 315,258
634,170 -> 684,220
309,3 -> 409,3
1126,504 -> 1076,554
584,658 -> 534,708
6,717 -> 6,567
730,80 -> 730,130
269,209 -> 269,9
520,619 -> 570,669
458,362 -> 508,362
467,467 -> 467,267
827,28 -> 777,78
778,527 -> 828,577
875,739 -> 875,539
611,17 -> 661,17
509,729 -> 459,729
1155,402 -> 1105,452
1055,261 -> 1105,261
859,68 -> 809,18
475,484 -> 575,484
424,468 -> 424,268
223,453 -> 273,403
461,378 -> 511,378
460,458 -> 560,458
58,224 -> 58,24
607,117 -> 607,167
1006,681 -> 1006,631
779,89 -> 779,139
781,122 -> 781,172
920,670 -> 970,720
613,26 -> 663,26
1318,162 -> 1268,212
782,173 -> 832,223
1116,509 -> 1066,559
778,281 -> 878,281
815,689 -> 865,739
20,570 -> 70,520
319,36 -> 419,36
175,237 -> 175,37
480,716 -> 480,516
685,225 -> 735,225
1185,423 -> 1135,473
1026,665 -> 1026,615
1323,53 -> 1323,153
860,88 -> 810,38
716,57 -> 716,107
710,62 -> 710,112
470,470 -> 570,470
670,20 -> 720,70
873,716 -> 873,516
870,70 -> 820,20
820,669 -> 870,719
1182,413 -> 1132,463
770,120 -> 770,170
761,80 -> 761,130
1167,661 -> 1167,561
318,140 -> 368,140
674,266 -> 724,266
1085,606 -> 1085,656
829,453 -> 829,253
1062,657 -> 1112,707
322,377 -> 422,377
480,250 -> 580,250
323,354 -> 423,354
124,509 -> 124,709
320,220 -> 320,20
33,603 -> 133,603
617,328 -> 667,278
910,240 -> 1010,240
29,603 -> 129,603
684,250 -> 734,250
913,384 -> 963,384
1161,685 -> 1161,585
70,520 -> 120,520
115,536 -> 115,736
958,710 -> 1008,660
456,540 -> 506,540
920,620 -> 920,670
1205,240 -> 1205,40
166,217 -> 166,17
35,639 -> 135,639
172,371 -> 172,421
174,310 -> 174,360
1166,576 -> 1116,526
1173,661 -> 1173,561
606,28 -> 656,28
1031,226 -> 1031,26
1320,82 -> 1320,182
1261,690 -> 1261,715
771,530 -> 821,580
521,620 -> 571,670
417,469 -> 417,269
1122,479 -> 1072,479
179,126 -> 279,126
814,210 -> 864,160
728,66 -> 728,116
1160,331 -> 1160,431
635,490 -> 635,340
828,564 -> 828,664
158,511 -> 258,511
511,513 -> 561,563
232,457 -> 282,407
120,520 -> 120,720
485,286 -> 585,286
1156,560 -> 1106,510
1134,530 -> 1084,580
22,601 -> 122,601
26,700 -> 26,550
224,478 -> 274,428
933,376 -> 983,376
1114,289 -> 1164,339
770,270 -> 870,270
329,452 -> 329,252
310,476 -> 310,276
622,319 -> 672,269
982,505 -> 932,555
683,39 -> 733,89
917,240 -> 1017,240
561,689 -> 511,739
705,126 -> 605,126
484,356 -> 534,356
75,533 -> 125,533
177,139 -> 277,139
1115,738 -> 1165,688
821,583 -> 821,683
231,709 -> 231,509
1270,20 -> 1320,70
815,4 -> 765,54
735,253 -> 735,453
280,321 -> 230,271
1161,573 -> 1111,523
818,457 -> 818,257
285,319 -> 235,269
919,633 -> 919,683
932,662 -> 982,712
580,587 -> 530,637
820,170 -> 870,220
833,209 -> 883,159
866,728 -> 866,528
912,488 -> 1012,488
170,502 -> 270,502
933,458 -> 1033,458
312,457 -> 312,257
211,280 -> 161,330
185,429 -> 235,479
483,480 -> 583,480
308,135 -> 358,135
1235,218 -> 1235,18
906,578 -> 906,628
1255,507 -> 1255,632
755,137 -> 755,187
170,320 -> 170,370
909,380 -> 959,380
932,270 -> 1032,270
270,320 -> 220,270
860,173 -> 860,73
1123,506 -> 1073,556
779,516 -> 829,566
780,66 -> 780,116
568,666 -> 518,716
929,364 -> 979,364
18,29 -> 118,29
322,237 -> 422,237
926,671 -> 976,721
17,620 -> 117,620
1330,182 -> 1280,232
282,225 -> 282,25
608,20 -> 658,20
1111,281 -> 1161,331
1311,155 -> 1261,205
682,713 -> 682,513
218,489 -> 268,439
1131,284 -> 1181,334
1119,235 -> 1119,35
1114,463 -> 1064,463
920,470 -> 920,270
930,687 -> 980,737
1170,670 -> 1170,570
763,175 -> 813,225
835,7 -> 785,57
1311,56 -> 1311,156
920,287 -> 1020,287
1106,268 -> 1156,318
578,672 -> 528,722
270,221 -> 270,21
1081,267 -> 1131,267
765,519 -> 815,569
1123,288 -> 1173,338
1185,654 -> 1185,554
829,28 -> 779,78
1178,679 -> 1178,579
1070,570 -> 1070,620
406,475 -> 406,275
162,407 -> 212,457
829,554 -> 829,654
977,634 -> 927,684
831,160 -> 881,210
1025,588 -> 975,538
72,536 -> 122,536
1274,538 -> 1274,663
1112,287 -> 1162,337
473,729 -> 473,529
160,332 -> 160,382
920,220 -> 1020,220
220,470 -> 270,420
29,574 -> 79,524
620,187 -> 670,237
1233,38 -> 1283,38
180,539 -> 280,539
528,600 -> 578,650
106,507 -> 106,707
1275,15 -> 1325,65
733,77 -> 733,127
166,429 -> 216,479
1280,219 -> 1230,219
1024,632 -> 974,632
928,579 -> 928,629
683,222 -> 733,222
314,464 -> 314,264
1310,58 -> 1310,158
776,526 -> 826,576
1024,231 -> 1024,31
872,78 -> 822,28
1312,181 -> 1262,231
313,237 -> 413,237
916,0 -> 916,200
907,583 -> 907,633
805,675 -> 855,725
120,506 -> 120,706
922,478 -> 922,278
532,631 -> 482,631
1022,560 -> 972,510
757,280 -> 857,280
935,361 -> 985,361
560,559 -> 510,609
328,461 -> 328,261
618,16 -> 668,16
1329,78 -> 1329,178
60,526 -> 110,526
675,263 -> 725,263
913,255 -> 1013,255
273,303 -> 223,253
907,609 -> 907,659
1064,250 -> 1114,250
483,263 -> 583,263
822,172 -> 872,222
1257,505 -> 1257,630
821,188 -> 871,238
220,252 -> 170,302
1174,588 -> 1124,538
835,179 -> 885,229
320,470 -> 320,270
309,120 -> 359,120
725,113 -> 625,113
1070,670 -> 1120,720
1006,212 -> 1006,12
171,505 -> 271,505
925,236 -> 1025,236
1070,479 -> 1070,279
1028,570 -> 978,520
612,136 -> 612,186
470,520 -> 520,520
1013,583 -> 963,533
1181,330 -> 1181,430
522,738 -> 472,738
970,620 -> 920,670
829,19 -> 779,69
306,103 -> 356,103
329,222 -> 329,22
311,10 -> 411,10
579,558 -> 529,608
1269,203 -> 1219,203
767,283 -> 867,283
320,370 -> 420,370
920,264 -> 1020,264
462,487 -> 562,487
1259,701 -> 1259,726
520,520 -> 570,570
1031,624 -> 981,624
9,712 -> 9,562
783,713 -> 783,513
157,528 -> 257,528
25,727 -> 25,577
460,503 -> 510,503
313,27 -> 413,27
1058,552 -> 1058,602
220,720 -> 220,520
1059,279 -> 1109,279
470,370 -> 520,370
1059,488 -> 1059,288
13,20 -> 113,20
526,525 -> 576,575
485,276 -> 585,276
862,189 -> 862,89
184,110 -> 284,110
619,483 -> 619,333
1270,220 -> 1220,220
1334,63 -> 1334,163
170,520 -> 270,520
620,170 -> 670,220
620,120 -> 620,170
527,702 -> 477,702
1165,687 -> 1165,587
1019,681 -> 1019,631
519,706 -> 469,706
463,276 -> 563,276
164,307 -> 164,357
913,629 -> 913,679
570,670 -> 520,720
1124,477 -> 1074,477
1165,423 -> 1115,473
1066,684 -> 1116,734
821,239 -> 871,189
76,236 -> 76,36
1111,236 -> 1111,36
1020,220 -> 1020,20
773,729 -> 773,529
1158,339 -> 1158,439
58,531 -> 108,531
1166,432 -> 1116,482
55,205 -> 55,5
166,383 -> 166,433
910,463 -> 910,263
617,185 -> 667,235
768,103 -> 768,153
1271,506 -> 1271,631
773,120 -> 773,170
1059,583 -> 1059,633
106,536 -> 106,736
760,713 -> 760,513
1159,411 -> 1109,461
170,211 -> 170,11
720,270 -> 720,470
780,502 -> 830,552
470,470 -> 470,270
1026,664 -> 1026,614
228,711 -> 228,511
971,524 -> 921,574
1284,706 -> 1284,731
925,478 -> 1025,478
320,20 -> 420,20
459,506 -> 509,506
911,18 -> 911,218
81,529 -> 131,529
482,484 -> 582,484
924,488 -> 1024,488
17,10 -> 117,10
15,569 -> 65,519
1122,271 -> 1172,321
661,736 -> 661,536
907,200 -> 1007,200
909,280 -> 1009,280
1058,684 -> 1108,734
233,482 -> 283,432
610,166 -> 660,216
1028,625 -> 978,625
861,64 -> 811,14
775,167 -> 825,217
83,525 -> 133,525
720,255 -> 720,455
463,456 -> 563,456
1013,206 -> 1013,6
233,290 -> 183,340
1074,612 -> 1074,662
710,84 -> 710,134
156,117 -> 256,117
318,209 -> 418,209
160,390 -> 160,440
417,461 -> 417,261
655,213 -> 705,213
315,227 -> 415,227
1019,634 -> 969,634
323,238 -> 423,238
819,471 -> 819,271
928,631 -> 928,681
880,728 -> 880,528
476,272 -> 576,272
760,151 -> 810,201
967,614 -> 917,664
681,206 -> 731,206
1133,522 -> 1083,572
920,20 -> 920,220
1072,478 -> 1072,278
768,253 -> 868,253
906,17 -> 906,217
924,601 -> 924,651
1070,579 -> 1070,629
912,550 -> 912,600
67,203 -> 67,3
175,387 -> 175,437
30,727 -> 30,577
233,259 -> 183,309
1160,655 -> 1160,555
970,520 -> 920,570
929,25 -> 929,225
462,502 -> 512,502
531,527 -> 581,577
1223,205 -> 1223,5
520,620 -> 470,620
872,718 -> 872,518
474,380 -> 524,380
920,470 -> 1020,470
1162,685 -> 1162,585
1270,22 -> 1320,72
321,225 -> 321,25
666,36 -> 716,86
922,288 -> 1022,288
529,601 -> 479,601
1160,316 -> 1160,416
1175,653 -> 1175,553
269,225 -> 269,25
707,132 -> 607,132
1124,225 -> 1124,25
928,452 -> 928,252
5,625 -> 105,625
682,219 -> 732,219
910,37 -> 910,237
1066,462 -> 1066,262
1006,557 -> 956,507
313,366 -> 413,366
830,232 -> 880,182
1080,572 -> 1080,622
955,734 -> 1005,684
1022,564 -> 972,514
910,18 -> 910,218
627,369 -> 727,369
635,27 -> 685,27
1072,268 -> 1122,268
683,225 -> 733,225
24,708 -> 24,558
523,512 -> 573,562
933,662 -> 983,712
1221,27 -> 1271,27
825,578 -> 825,678
308,202 -> 308,2
1073,650 -> 1123,700
512,512 -> 562,562
1122,206 -> 1122,6
477,738 -> 477,538
220,270 -> 170,320
74,210 -> 74,10
470,720 -> 470,520
806,162 -> 856,212
35,561 -> 85,511
1014,617 -> 964,617
214,468 -> 264,418
920,270 -> 1020,270
1020,570 -> 970,520
1082,672 -> 1132,722
319,213 -> 419,213
827,579 -> 827,679
624,117 -> 624,167
771,157 -> 821,207
770,70 -> 770,120
1267,506 -> 1267,631
673,21 -> 723,71
965,600 -> 915,650
732,287 -> 732,487
831,575 -> 831,675
481,473 -> 581,473
335,35 -> 435,35
458,252 -> 558,252
166,116 -> 266,116
805,567 -> 805,667
480,737 -> 480,537
610,15 -> 660,15
1116,706 -> 1166,656
1167,302 -> 1167,402
755,740 -> 755,540
1170,420 -> 1120,470
661,205 -> 711,205
1275,207 -> 1225,207
820,472 -> 820,272
118,531 -> 118,731
207,477 -> 257,427
523,718 -> 473,718
1165,413 -> 1115,463
1120,720 -> 1170,670
870,170 -> 870,70
570,570 -> 520,620
1120,270 -> 1170,320
1180,334 -> 1180,434
1255,7 -> 1305,57
1261,503 -> 1261,628
782,257 -> 882,257
925,362 -> 975,362
911,261 -> 1011,261
859,703 -> 859,503
1262,205 -> 1212,205
1120,520 -> 1070,570
928,362 -> 978,362
784,258 -> 884,258
533,729 -> 483,729
920,370 -> 970,370
885,186 -> 885,86
869,709 -> 869,509
279,326 -> 229,276
1277,689 -> 1277,714
734,290 -> 734,490
814,3 -> 764,53
180,325 -> 180,375
509,609 -> 559,659
156,107 -> 256,107
335,7 -> 435,7
920,570 -> 920,620
1059,469 -> 1059,269
759,89 -> 759,139
1082,255 -> 1132,255
170,306 -> 170,356
1255,515 -> 1255,640
1014,611 -> 964,611
1069,472 -> 1069,272
635,182 -> 685,232
470,270 -> 570,270
175,236 -> 175,36
976,521 -> 926,571
523,731 -> 473,731
672,263 -> 722,263
172,110 -> 272,110
1082,614 -> 1082,664
770,170 -> 820,220
1278,39 -> 1328,89
1169,401 -> 1119,451
1030,607 -> 980,607
1284,517 -> 1284,642
606,358 -> 706,358
622,390 -> 722,390
458,473 -> 458,273
1073,581 -> 1073,631
305,485 -> 305,285
205,282 -> 155,332
583,553 -> 533,603
972,539 -> 922,589
630,329 -> 680,279
166,513 -> 266,513
483,352 -> 533,352
585,556 -> 535,606
527,613 -> 477,613
1014,637 -> 964,637
956,735 -> 1006,685
1180,401 -> 1130,451
166,232 -> 166,32
1262,208 -> 1212,208
1105,713 -> 1155,663
1070,620 -> 1070,670
656,22 -> 706,72
1270,700 -> 1270,725
221,458 -> 271,408
931,378 -> 981,378
928,203 -> 1028,203
1214,218 -> 1214,18
177,209 -> 177,9
907,27 -> 907,227
1281,3 -> 1331,53
156,203 -> 156,3
224,490 -> 274,440
1105,730 -> 1155,680
965,522 -> 915,572
612,178 -> 662,228
159,381 -> 159,431
172,211 -> 172,11
1270,695 -> 1270,720
15,27 -> 115,27
819,682 -> 869,732
615,367 -> 715,367
1314,84 -> 1314,184
520,720 -> 470,720
20,720 -> 20,570
181,364 -> 181,414
813,168 -> 863,218
917,660 -> 967,710
1167,402 -> 1117,452
331,113 -> 381,113
170,120 -> 270,120
819,580 -> 819,680
332,357 -> 432,357
1330,86 -> 1330,186
429,486 -> 429,286
932,205 -> 1032,205
257,228 -> 257,28
155,531 -> 255,531
534,632 -> 584,682
620,470 -> 620,320
1026,574 -> 976,524
1333,70 -> 1333,170
623,123 -> 623,173
1265,22 -> 1315,72
169,429 -> 219,479
863,179 -> 863,79
635,328 -> 685,278
922,584 -> 922,634
25,588 -> 75,538
611,466 -> 611,316
780,164 -> 830,214
420,470 -> 420,270
659,715 -> 659,515
164,535 -> 264,535
975,639 -> 925,689
611,364 -> 711,364